# [GAME]
04 06 05 03 02 05 06 04
01 01 01 01 01 01 01 01
00 00 00 00 00 00 00 00
00 00 00 00 00 00 00 00
00 00 00 00 00 00 00 00
00 00 00 00 00 00 00 00
11 11 11 11 11 11 11 11
14 16 15 13 12 15 16 14

04 06 05 03 02 05 06 04
01 01 01 01 01 01 01 01
00 00 00 00 00 00 00 00
00 00 00 00 00 00 00 00
00 00 00 00 11 00 00 00
00 00 00 00 00 00 00 00
11 11 11 11 00 11 11 11
14 16 15 13 12 15 16 14

# [GAME]
04 06 05 03 02 05 06 04
01 01 01 01 01 01 01 01
00 00 00 00 00 00 00 00
00 00 00 00 00 00 00 00
00 00 00 00 00 00 00 00
00 00 00 00 00 00 00 00
11 11 11 11 11 11 11 11
14 16 15 13 12 15 16 14

04 06 05 03 02 05 06 04
01 01 01 01 01 01 01 01
00 00 00 00 00 00 00 00
00 00 00 00 00 00 00 00
00 00 00 00 11 00 00 00
00 00 00 00 00 00 00 00
11 11 11 11 00 11 11 11
14 16 15 13 12 15 16 14

04 06 05 03 02 05 06 04
01 01 01 00 01 01 01 01
00 00 00 00 00 00 00 00
00 00 00 01 00 00 00 00
00 00 00 00 11 00 00 00
00 00 00 00 00 00 00 00
11 11 11 11 00 11 11 11
14 16 15 13 12 15 16 14

04 06 05 03 02 05 06 04
01 01 01 00 01 01 01 01
00 00 00 00 00 00 00 00
00 00 00 11 00 00 00 00
00 00 00 00 00 00 00 00
00 00 00 00 00 00 00 00
11 11 11 11 00 11 11 11
14 16 15 13 12 15 16 14

04 06 05 03 02 05 06 04
01 01 00 00 01 01 01 01
00 00 01 00 00 00 00 00
00 00 00 11 00 00 00 00
00 00 00 00 00 00 00 00
00 00 00 00 00 00 00 00
11 11 11 11 00 11 11 11
14 16 15 13 12 15 16 14

04 06 05 03 02 05 06 04
01 01 00 00 01 01 01 01
00 00 11 00 00 00 00 00
00 00 00 00 00 00 00 00
00 00 00 00 00 00 00 00
00 00 00 00 00 00 00 00
11 11 11 11 00 11 11 11
14 16 15 13 12 15 16 14

04 06 05 00 02 05 06 04
01 01 00 03 01 01 01 01
00 00 11 00 00 00 00 00
00 00 00 00 00 00 00 00
00 00 00 00 00 00 00 00
00 00 00 00 00 00 00 00
11 11 11 11 00 11 11 11
14 16 15 13 12 15 16 14

04 06 05 00 02 05 06 04
01 01 00 11 01 01 01 01
00 00 00 00 00 00 00 00
00 00 00 00 00 00 00 00
00 00 00 00 00 00 00 00
00 00 00 00 00 00 00 00
11 11 11 11 00 11 11 11
14 16 15 13 12 15 16 14

04 06 05 02 00 05 06 04
01 01 00 11 01 01 01 01
00 00 00 00 00 00 00 00
00 00 00 00 00 00 00 00
00 00 00 00 00 00 00 00
00 00 00 00 00 00 00 00
11 11 11 11 00 11 11 11
14 16 15 13 12 15 16 14

04 06 11 02 00 05 06 04
01 01 00 00 01 01 01 01
00 00 00 00 00 00 00 00
00 00 00 00 00 00 00 00
00 00 00 00 00 00 00 00
00 00 00 00 00 00 00 00
11 11 11 11 00 11 11 11
14 16 15 13 12 15 16 14

04 06 16 00 02 05 06 04
01 01 00 00 01 01 01 01
00 00 00 00 00 00 00 00
00 00 00 00 00 00 00 00
00 00 00 00 00 00 00 00
00 00 00 00 00 00 00 00
11 11 11 11 00 11 11 11
14 16 15 13 12 15 16 14

04 06 00 00 02 05 06 04
01 01 00 00 01 01 01 01
00 00 00 16 00 00 00 00
00 00 00 00 00 00 00 00
00 00 00 00 00 00 00 00
00 00 00 00 00 00 00 00
11 11 11 11 00 11 11 11
14 16 15 13 12 15 16 14

# [GAME]
04 06 05 03 02 05 06 04
01 01 01 01 01 01 01 01
00 00 00 00 00 00 00 00
00 00 00 00 00 00 00 00
00 00 00 00 00 00 00 00
00 00 00 00 00 00 00 00
11 11 11 11 11 11 11 11
14 16 15 13 12 15 16 14

04 06 05 03 02 05 06 04
01 01 01 01 01 01 01 01
00 00 00 00 00 00 00 00
00 00 00 00 00 00 00 00
00 00 00 00 11 00 00 00
00 00 00 00 00 00 00 00
11 11 11 11 00 11 11 11
14 16 15 13 12 15 16 14

04 06 05 03 02 05 06 04
01 01 01 00 01 01 01 01
00 00 00 00 00 00 00 00
00 00 00 01 00 00 00 00
00 00 00 00 11 00 00 00
00 00 00 00 00 00 00 00
11 11 11 11 00 11 11 11
14 16 15 13 12 15 16 14

04 06 05 03 02 05 06 04
01 01 01 00 01 01 01 01
00 00 00 00 00 00 00 00
00 00 00 01 00 00 00 00
00 00 00 00 11 00 00 00
00 00 00 00 00 11 00 00
11 11 11 11 00 00 11 11
14 16 15 13 12 15 16 14

04 06 05 03 02 05 06 04
01 01 01 00 01 01 01 01
00 00 00 00 00 00 00 00
00 00 00 00 00 00 00 00
00 00 00 00 01 00 00 00
00 00 00 00 00 11 00 00
11 11 11 11 00 00 11 11
14 16 15 13 12 15 16 14

04 06 05 03 02 05 06 04
01 01 01 00 01 01 01 01
00 00 00 00 00 00 00 00
00 00 00 00 00 00 00 00
00 00 00 00 01 00 00 00
00 00 00 00 00 11 00 11
11 11 11 11 00 00 11 00
14 16 15 13 12 15 16 14

04 06 05 03 02 05 06 04
01 01 01 00 01 01 01 01
00 00 00 00 00 00 00 00
00 00 00 00 00 00 00 00
00 00 00 00 00 00 00 00
00 00 00 00 00 01 00 11
11 11 11 11 00 00 11 00
14 16 15 13 12 15 16 14

04 06 05 03 02 05 06 04
01 01 01 00 01 01 01 01
00 00 00 00 00 00 00 00
00 00 00 00 00 00 00 00
00 00 00 00 00 00 00 00
00 00 00 00 00 01 00 11
11 11 11 11 16 00 11 00
14 16 15 13 12 15 00 14

04 06 05 03 02 05 06 04
01 01 01 00 01 01 01 01
00 00 00 00 00 00 00 00
00 00 00 00 00 00 00 00
00 00 00 00 00 00 00 00
00 00 00 00 00 00 00 11
11 11 11 11 16 00 01 00
14 16 15 13 12 15 00 14

04 06 05 03 02 05 06 04
01 01 01 00 01 01 01 01
00 00 00 00 00 00 00 00
00 00 00 00 00 00 00 00
00 00 00 00 00 00 00 00
00 00 16 00 00 00 00 11
11 11 11 11 00 00 01 00
14 16 15 13 12 15 00 14

04 06 05 03 02 05 06 04
01 01 01 00 01 01 01 01
00 00 00 00 00 00 00 00
00 00 00 00 00 00 00 00
00 00 00 00 00 00 00 00
00 00 16 00 00 00 00 11
11 11 11 11 00 00 00 00
14 16 15 13 12 15 00 01

04 06 05 03 02 05 06 04
01 01 01 00 01 01 01 01
00 00 00 00 00 00 00 00
00 00 00 00 00 00 00 00
00 00 00 00 00 00 00 00
00 00 16 00 00 00 00 11
11 11 11 11 13 00 00 00
14 16 15 00 12 15 00 04

